@tailwind base;
@tailwind components;
@tailwind utilities;

.light {
  --color-bg1: 200, 200, 200;
  --color-bg2: 255, 255, 255;
  --color-text-1: 51, 51, 51;
  --color-text-inv-1: 255, 255, 255;
  --color-primary-1: 99, 102, 241;
  --color-bg-card: 255, 255, 255;
  --color-bg-nav: 255, 255, 255;
}

.dark {
  --color-bg1: 30, 41, 59;
  --color-bg2: 17, 24, 39;
  --color-text-1: 255, 255, 255;
  --color-text-inv-1: 51, 51, 51;
  --color-primary-1: 99, 102, 241;
  --color-bg-card: 17, 24, 39;
  --color-bg-nav: 17, 24, 39;
}
